m =

   1   0   0
   0   1   0
   0   0   1

m =

   10    0    0
    0   10    0
    0    0   10

m =

   10    5    0
    0   10    0
    0    0   10

m =

   10    5    0
    5   10    0
    0    0   10

m =

   10    5    0
    5   10    5
    0    0   10

m =

   10    5    0
    5   10    5
    0    5   10

m =

   10    5    0    0
    5   10    5    0
    0    5   10    5

m =

   10    5    0    0
    5   10    5    0
    0    5   10    5
    0    0    5    0

m =

   10    5    0    0    0
    5   10    5    0    0
    0    5   10    5    0
    0    0    5    0    5

m =

   10    5    0    0    0
    5   10    5    0    0
    0    5   10    5    0
    0    0    5    0    5
    0    0    0    5    0

m =

   10    5    0    0    0    0
    5   10    5    0    0    0
    0    5   10    5    0    0
    0    0    5    0    5    0
    0    0    0    5    0    5

m =

   10    5    0    0    0    0
    5   10    5    0    0    0
    0    5   10    5    0    0
    0    0    5    0    5    0
    0    0    0    5    0    5
    0    0    0    0    5    0

m =

   10    5    0    0    0    0    0
    5   10    5    0    0    0    0
    0    5   10    5    0    0    0
    0    0    5    0    5    0    0
    0    0    0    5    0    5    0
    0    0    0    0    5    0    5

m =

   10    5    0    0    0    0    0
    5   10    5    0    0    0    0
    0    5   10    5    0    0    0
    0    0    5    0    5    0    0
    0    0    0    5    0    5    0
    0    0    0    0    5    0    5
    0    0    0    0    0    5    0

m =

   10    5    0    0    0    0    0    0
    5   10    5    0    0    0    0    0
    0    5   10    5    0    0    0    0
    0    0    5    0    5    0    0    0
    0    0    0    5    0    5    0    0
    0    0    0    0    5    0    5    0
    0    0    0    0    0    5    0    5

m =

   10    5    0    0    0    0    0    0
    5   10    5    0    0    0    0    0
    0    5   10    5    0    0    0    0
    0    0    5    0    5    0    0    0
    0    0    0    5    0    5    0    0
    0    0    0    0    5    0    5    0
    0    0    0    0    0    5    0    5
    0    0    0    0    0    0    5    0

m =

   10    5    0    0    0    0    0    0    0
    5   10    5    0    0    0    0    0    0
    0    5   10    5    0    0    0    0    0
    0    0    5    0    5    0    0    0    0
    0    0    0    5    0    5    0    0    0
    0    0    0    0    5    0    5    0    0
    0    0    0    0    0    5    0    5    0
    0    0    0    0    0    0    5    0    5

m =

   10    5    0    0    0    0    0    0    0
    5   10    5    0    0    0    0    0    0
    0    5   10    5    0    0    0    0    0
    0    0    5    0    5    0    0    0    0
    0    0    0    5    0    5    0    0    0
    0    0    0    0    5    0    5    0    0
    0    0    0    0    0    5    0    5    0
    0    0    0    0    0    0    5    0    5
    0    0    0    0    0    0    0    5    0

m =

   10    5    0    0    0    0    0    0    0    0
    5   10    5    0    0    0    0    0    0    0
    0    5   10    5    0    0    0    0    0    0
    0    0    5    0    5    0    0    0    0    0
    0    0    0    5    0    5    0    0    0    0
    0    0    0    0    5    0    5    0    0    0
    0    0    0    0    0    5    0    5    0    0
    0    0    0    0    0    0    5    0    5    0
    0    0    0    0    0    0    0    5    0    5

m =

   10    5    0    0    0    0    0    0    0    0
    5   10    5    0    0    0    0    0    0    0
    0    5   10    5    0    0    0    0    0    0
    0    0    5    0    5    0    0    0    0    0
    0    0    0    5    0    5    0    0    0    0
    0    0    0    0    5    0    5    0    0    0
    0    0    0    0    0    5    0    5    0    0
    0    0    0    0    0    0    5    0    5    0
    0    0    0    0    0    0    0    5    0    5
    0    0    0    0    0    0    0    0    5    0

m =

   10    5    0    0    0    0    0    0    0    0    0
    5   10    5    0    0    0    0    0    0    0    0
    0    5   10    5    0    0    0    0    0    0    0
    0    0    5    0    5    0    0    0    0    0    0
    0    0    0    5    0    5    0    0    0    0    0
    0    0    0    0    5    0    5    0    0    0    0
    0    0    0    0    0    5    0    5    0    0    0
    0    0    0    0    0    0    5    0    5    0    0
    0    0    0    0    0    0    0    5    0    5    0
    0    0    0    0    0    0    0    0    5    0    5

m =

   10    5    0    0    0    0    0    0    0    0    0
    5   10    5    0    0    0    0    0    0    0    0
    0    5   10    5    0    0    0    0    0    0    0
    0    0    5    0    5    0    0    0    0    0    0
    0    0    0    5    0    5    0    0    0    0    0
    0    0    0    0    5    0    5    0    0    0    0
    0    0    0    0    0    5    0    5    0    0    0
    0    0    0    0    0    0    5    0    5    0    0
    0    0    0    0    0    0    0    5    0    5    0
    0    0    0    0    0    0    0    0    5    0    5
    0    0    0    0    0    0    0    0    0    5    0

m =

   10    5    0    0    0    0    0    0    0    0    0    0
    5   10    5    0    0    0    0    0    0    0    0    0
    0    5   10    5    0    0    0    0    0    0    0    0
    0    0    5    0    5    0    0    0    0    0    0    0
    0    0    0    5    0    5    0    0    0    0    0    0
    0    0    0    0    5    0    5    0    0    0    0    0
    0    0    0    0    0    5    0    5    0    0    0    0
    0    0    0    0    0    0    5    0    5    0    0    0
    0    0    0    0    0    0    0    5    0    5    0    0
    0    0    0    0    0    0    0    0    5    0    5    0
    0    0    0    0    0    0    0    0    0    5    0    5

m =

   10    5    0    0    0    0    0    0    0    0    0    0
    5   10    5    0    0    0    0    0    0    0    0    0
    0    5   10    5    0    0    0    0    0    0    0    0
    0    0    5    0    5    0    0    0    0    0    0    0
    0    0    0    5    0    5    0    0    0    0    0    0
    0    0    0    0    5    0    5    0    0    0    0    0
    0    0    0    0    0    5    0    5    0    0    0    0
    0    0    0    0    0    0    5    0    5    0    0    0
    0    0    0    0    0    0    0    5    0    5    0    0
    0    0    0    0    0    0    0    0    5    0    5    0
    0    0    0    0    0    0    0    0    0    5    0    5
    0    0    0    0    0    0    0    0    0    0    5    0

m =

   10    5    0    0    0    0    0    0    0    0    0    0    0
    5   10    5    0    0    0    0    0    0    0    0    0    0
    0    5   10    5    0    0    0    0    0    0    0    0    0
    0    0    5    0    5    0    0    0    0    0    0    0    0
    0    0    0    5    0    5    0    0    0    0    0    0    0
    0    0    0    0    5    0    5    0    0    0    0    0    0
    0    0    0    0    0    5    0    5    0    0    0    0    0
    0    0    0    0    0    0    5    0    5    0    0    0    0
    0    0    0    0    0    0    0    5    0    5    0    0    0
    0    0    0    0    0    0    0    0    5    0    5    0    0
    0    0    0    0    0    0    0    0    0    5    0    5    0
    0    0    0    0    0    0    0    0    0    0    5    0    5

m =

   10    5    0    0    0    0    0    0    0    0    0    0    0
    5   10    5    0    0    0    0    0    0    0    0    0    0
    0    5   10    5    0    0    0    0    0    0    0    0    0
    0    0    5    0    5    0    0    0    0    0    0    0    0
    0    0    0    5    0    5    0    0    0    0    0    0    0
    0    0    0    0    5    0    5    0    0    0    0    0    0
    0    0    0    0    0    5    0    5    0    0    0    0    0
    0    0    0    0    0    0    5    0    5    0    0    0    0
    0    0    0    0    0    0    0    5    0    5    0    0    0
    0    0    0    0    0    0    0    0    5    0    5    0    0
    0    0    0    0    0    0    0    0    0    5    0    5    0
    0    0    0    0    0    0    0    0    0    0    5    0    5
    0    0    0    0    0    0    0    0    0    0    0    5    0

m =

   10    5    0    0    0    0    0    0    0    0    0    0    0    0
    5   10    5    0    0    0    0    0    0    0    0    0    0    0
    0    5   10    5    0    0    0    0    0    0    0    0    0    0
    0    0    5    0    5    0    0    0    0    0    0    0    0    0
    0    0    0    5    0    5    0    0    0    0    0    0    0    0
    0    0    0    0    5    0    5    0    0    0    0    0    0    0
    0    0    0    0    0    5    0    5    0    0    0    0    0    0
    0    0    0    0    0    0    5    0    5    0    0    0    0    0
    0    0    0    0    0    0    0    5    0    5    0    0    0    0
    0    0    0    0    0    0    0    0    5    0    5    0    0    0
    0    0    0    0    0    0    0    0    0    5    0    5    0    0
    0    0    0    0    0    0    0    0    0    0    5    0    5    0
    0    0    0    0    0    0    0    0    0    0    0    5    0    5

m =

   10    5    0    0    0    0    0    0    0    0    0    0    0    0
    5   10    5    0    0    0    0    0    0    0    0    0    0    0
    0    5   10    5    0    0    0    0    0    0    0    0    0    0
    0    0    5    0    5    0    0    0    0    0    0    0    0    0
    0    0    0    5    0    5    0    0    0    0    0    0    0    0
    0    0    0    0    5    0    5    0    0    0    0    0    0    0
    0    0    0    0    0    5    0    5    0    0    0    0    0    0
    0    0    0    0    0    0    5    0    5    0    0    0    0    0
    0    0    0    0    0    0    0    5    0    5    0    0    0    0
    0    0    0    0    0    0    0    0    5    0    5    0    0    0
    0    0    0    0    0    0    0    0    0    5    0    5    0    0
    0    0    0    0    0    0    0    0    0    0    5    0    5    0
    0    0    0    0    0    0    0    0    0    0    0    5    0    5
    0    0    0    0    0    0    0    0    0    0    0    0    5    0

m =

   10    5    0    0    0    0    0    0    0    0    0    0    0    0    0
    5   10    5    0    0    0    0    0    0    0    0    0    0    0    0
    0    5   10    5    0    0    0    0    0    0    0    0    0    0    0
    0    0    5    0    5    0    0    0    0    0    0    0    0    0    0
    0    0    0    5    0    5    0    0    0    0    0    0    0    0    0
    0    0    0    0    5    0    5    0    0    0    0    0    0    0    0
    0    0    0    0    0    5    0    5    0    0    0    0    0    0    0
    0    0    0    0    0    0    5    0    5    0    0    0    0    0    0
    0    0    0    0    0    0    0    5    0    5    0    0    0    0    0
    0    0    0    0    0    0    0    0    5    0    5    0    0    0    0
    0    0    0    0    0    0    0    0    0    5    0    5    0    0    0
    0    0    0    0    0    0    0    0    0    0    5    0    5    0    0
    0    0    0    0    0    0    0    0    0    0    0    5    0    5    0
    0    0    0    0    0    0    0    0    0    0    0    0    5    0    5

m =

   10    5    0    0    0    0    0    0    0    0    0    0    0    0    0
    5   10    5    0    0    0    0    0    0    0    0    0    0    0    0
    0    5   10    5    0    0    0    0    0    0    0    0    0    0    0
    0    0    5    0    5    0    0    0    0    0    0    0    0    0    0
    0    0    0    5    0    5    0    0    0    0    0    0    0    0    0
    0    0    0    0    5    0    5    0    0    0    0    0    0    0    0
    0    0    0    0    0    5    0    5    0    0    0    0    0    0    0
    0    0    0    0    0    0    5    0    5    0    0    0    0    0    0
    0    0    0    0    0    0    0    5    0    5    0    0    0    0    0
    0    0    0    0    0    0    0    0    5    0    5    0    0    0    0
    0    0    0    0    0    0    0    0    0    5    0    5    0    0    0
    0    0    0    0    0    0    0    0    0    0    5    0    5    0    0
    0    0    0    0    0    0    0    0    0    0    0    5    0    5    0
    0    0    0    0    0    0    0    0    0    0    0    0    5    0    5
    0    0    0    0    0    0    0    0    0    0    0    0    0    5    0

m =

   10    5    0    0    0    0    0    0    0    0    0    0    0    0    0    0
    5   10    5    0    0    0    0    0    0    0    0    0    0    0    0    0
    0    5   10    5    0    0    0    0    0    0    0    0    0    0    0    0
    0    0    5    0    5    0    0    0    0    0    0    0    0    0    0    0
    0    0    0    5    0    5    0    0    0    0    0    0    0    0    0    0
    0    0    0    0    5    0    5    0    0    0    0    0    0    0    0    0
    0    0    0    0    0    5    0    5    0    0    0    0    0    0    0    0
    0    0    0    0    0    0    5    0    5    0    0    0    0    0    0    0
    0    0    0    0    0    0    0    5    0    5    0    0    0    0    0    0
    0    0    0    0    0    0    0    0    5    0    5    0    0    0    0    0
    0    0    0    0    0    0    0    0    0    5    0    5    0    0    0    0
    0    0    0    0    0    0    0    0    0    0    5    0    5    0    0    0
    0    0    0    0    0    0    0    0    0    0    0    5    0    5    0    0
    0    0    0    0    0    0    0    0    0    0    0    0    5    0    5    0
    0    0    0    0    0    0    0    0    0    0    0    0    0    5    0    5

m =

   10    5    0    0    0    0    0    0    0    0    0    0    0    0    0    0
    5   10    5    0    0    0    0    0    0    0    0    0    0    0    0    0
    0    5   10    5    0    0    0    0    0    0    0    0    0    0    0    0
    0    0    5    0    5    0    0    0    0    0    0    0    0    0    0    0
    0    0    0    5    0    5    0    0    0    0    0    0    0    0    0    0
    0    0    0    0    5    0    5    0    0    0    0    0    0    0    0    0
    0    0    0    0    0    5    0    5    0    0    0    0    0    0    0    0
    0    0    0    0    0    0    5    0    5    0    0    0    0    0    0    0
    0    0    0    0    0    0    0    5    0    5    0    0    0    0    0    0
    0    0    0    0    0    0    0    0    5    0    5    0    0    0    0    0
    0    0    0    0    0    0    0    0    0    5    0    5    0    0    0    0
    0    0    0    0    0    0    0    0    0    0    5    0    5    0    0    0
    0    0    0    0    0    0    0    0    0    0    0    5    0    5    0    0
    0    0    0    0    0    0    0    0    0    0    0    0    5    0    5    0
    0    0    0    0    0    0    0    0    0    0    0    0    0    5    0    5
    0    0    0    0    0    0    0    0    0    0    0    0    0    0    5    0

m =

   10    5    0    0    0    0    0    0    0    0    0    0    0    0    0    0    0
    5   10    5    0    0    0    0    0    0    0    0    0    0    0    0    0    0
    0    5   10    5    0    0    0    0    0    0    0    0    0    0    0    0    0
    0    0    5    0    5    0    0    0    0    0    0    0    0    0    0    0    0
    0    0    0    5    0    5    0    0    0    0    0    0    0    0    0    0    0
    0    0    0    0    5    0    5    0    0    0    0    0    0    0    0    0    0
    0    0    0    0    0    5    0    5    0    0    0    0    0    0    0    0    0
    0    0    0    0    0    0    5    0    5    0    0    0    0    0    0    0    0
    0    0    0    0    0    0    0    5    0    5    0    0    0    0    0    0    0
    0    0    0    0    0    0    0    0    5    0    5    0    0    0    0    0    0
    0    0    0    0    0    0    0    0    0    5    0    5    0    0    0    0    0
    0    0    0    0    0    0    0    0    0    0    5    0    5    0    0    0    0
    0    0    0    0    0    0    0    0    0    0    0    5    0    5    0    0    0
    0    0    0    0    0    0    0    0    0    0    0    0    5    0    5    0    0
    0    0    0    0    0    0    0    0    0    0    0    0    0    5    0    5    0
    0    0    0    0    0    0    0    0    0    0    0    0    0    0    5    0    5

m =

   10    5    0    0    0    0    0    0    0    0    0    0    0    0    0    0    0
    5   10    5    0    0    0    0    0    0    0    0    0    0    0    0    0    0
    0    5   10    5    0    0    0    0    0    0    0    0    0    0    0    0    0
    0    0    5    0    5    0    0    0    0    0    0    0    0    0    0    0    0
    0    0    0    5    0    5    0    0    0    0    0    0    0    0    0    0    0
    0    0    0    0    5    0    5    0    0    0    0    0    0    0    0    0    0
    0    0    0    0    0    5    0    5    0    0    0    0    0    0    0    0    0
    0    0    0    0    0    0    5    0    5    0    0    0    0    0    0    0    0
    0    0    0    0    0    0    0    5    0    5    0    0    0    0    0    0    0
    0    0    0    0    0    0    0    0    5    0    5    0    0    0    0    0    0
    0    0    0    0    0    0    0    0    0    5    0    5    0    0    0    0    0
    0    0    0    0    0    0    0    0    0    0    5    0    5    0    0    0    0
    0    0    0    0    0    0    0    0    0    0    0    5    0    5    0    0    0
    0    0    0    0    0    0    0    0    0    0    0    0    5    0    5    0    0
    0    0    0    0    0    0    0    0    0    0    0    0    0    5    0    5    0
    0    0    0    0    0    0    0    0    0    0    0    0    0    0    5    0    5
    0    0    0    0    0    0    0    0    0    0    0    0    0    0    0    5    0

m =

   10    5    0    0    0    0    0    0    0    0    0    0    0    0    0    0    0    0
    5   10    5    0    0    0    0    0    0    0    0    0    0    0    0    0    0    0
    0    5   10    5    0    0    0    0    0    0    0    0    0    0    0    0    0    0
    0    0    5    0    5    0    0    0    0    0    0    0    0    0    0    0    0    0
    0    0    0    5    0    5    0    0    0    0    0    0    0    0    0    0    0    0
    0    0    0    0    5    0    5    0    0    0    0    0    0    0    0    0    0    0
    0    0    0    0    0    5    0    5    0    0    0    0    0    0    0    0    0    0
    0    0    0    0    0    0    5    0    5    0    0    0    0    0    0    0    0    0
    0    0    0    0    0    0    0    5    0    5    0    0    0    0    0    0    0    0
    0    0    0    0    0    0    0    0    5    0    5    0    0    0    0    0    0    0
    0    0    0    0    0    0    0    0    0    5    0    5    0    0    0    0    0    0
    0    0    0    0    0    0    0    0    0    0    5    0    5    0    0    0    0    0
    0    0    0    0    0    0    0    0    0    0    0    5    0    5    0    0    0    0
    0    0    0    0    0    0    0    0    0    0    0    0    5    0    5    0    0    0
    0    0    0    0    0    0    0    0    0    0    0    0    0    5    0    5    0    0
    0    0    0    0    0    0    0    0    0    0    0    0    0    0    5    0    5    0
    0    0    0    0    0    0    0    0    0    0    0    0    0    0    0    5    0    5

m =

   10    5    0    0    0    0    0    0    0    0    0    0    0    0    0    0    0    0
    5   10    5    0    0    0    0    0    0    0    0    0    0    0    0    0    0    0
    0    5   10    5    0    0    0    0    0    0    0    0    0    0    0    0    0    0
    0    0    5    0    5    0    0    0    0    0    0    0    0    0    0    0    0    0
    0    0    0    5    0    5    0    0    0    0    0    0    0    0    0    0    0    0
    0    0    0    0    5    0    5    0    0    0    0    0    0    0    0    0    0    0
    0    0    0    0    0    5    0    5    0    0    0    0    0    0    0    0    0    0
    0    0    0    0    0    0    5    0    5    0    0    0    0    0    0    0    0    0
    0    0    0    0    0    0    0    5    0    5    0    0    0    0    0    0    0    0
    0    0    0    0    0    0    0    0    5    0    5    0    0    0    0    0    0    0
    0    0    0    0    0    0    0    0    0    5    0    5    0    0    0    0    0    0
    0    0    0    0    0    0    0    0    0    0    5    0    5    0    0    0    0    0
    0    0    0    0    0    0    0    0    0    0    0    5    0    5    0    0    0    0
    0    0    0    0    0    0    0    0    0    0    0    0    5    0    5    0    0    0
    0    0    0    0    0    0    0    0    0    0    0    0    0    5    0    5    0    0
    0    0    0    0    0    0    0    0    0    0    0    0    0    0    5    0    5    0
    0    0    0    0    0    0    0    0    0    0    0    0    0    0    0    5    0    5
    0    0    0    0    0    0    0    0    0    0    0    0    0    0    0    0    5    0

m =

   10    5    0    0    0    0    0    0    0    0    0    0    0    0    0    0    0    0    0
    5   10    5    0    0    0    0    0    0    0    0    0    0    0    0    0    0    0    0
    0    5   10    5    0    0    0    0    0    0    0    0    0    0    0    0    0    0    0
    0    0    5    0    5    0    0    0    0    0    0    0    0    0    0    0    0    0    0
    0    0    0    5    0    5    0    0    0    0    0    0    0    0    0    0    0    0    0
    0    0    0    0    5    0    5    0    0    0    0    0    0    0    0    0    0    0    0
    0    0    0    0    0    5    0    5    0    0    0    0    0    0    0    0    0    0    0
    0    0    0    0    0    0    5    0    5    0    0    0    0    0    0    0    0    0    0
    0    0    0    0    0    0    0    5    0    5    0    0    0    0    0    0    0    0    0
    0    0    0    0    0    0    0    0    5    0    5    0    0    0    0    0    0    0    0
    0    0    0    0    0    0    0    0    0    5    0    5    0    0    0    0    0    0    0
    0    0    0    0    0    0    0    0    0    0    5    0    5    0    0    0    0    0    0
    0    0    0    0    0    0    0    0    0    0    0    5    0    5    0    0    0    0    0
    0    0    0    0    0    0    0    0    0    0    0    0    5    0    5    0    0    0    0
    0    0    0    0    0    0    0    0    0    0    0    0    0    5    0    5    0    0    0
    0    0    0    0    0    0    0    0    0    0    0    0    0    0    5    0    5    0    0
    0    0    0    0    0    0    0    0    0    0    0    0    0    0    0    5    0    5    0
    0    0    0    0    0    0    0    0    0    0    0    0    0    0    0    0    5    0    5

m =

   10    5    0    0    0    0    0    0    0    0    0    0    0    0    0    0    0    0    0
    5   10    5    0    0    0    0    0    0    0    0    0    0    0    0    0    0    0    0
    0    5   10    5    0    0    0    0    0    0    0    0    0    0    0    0    0    0    0
    0    0    5    0    5    0    0    0    0    0    0    0    0    0    0    0    0    0    0
    0    0    0    5    0    5    0    0    0    0    0    0    0    0    0    0    0    0    0
    0    0    0    0    5    0    5    0    0    0    0    0    0    0    0    0    0    0    0
    0    0    0    0    0    5    0    5    0    0    0    0    0    0    0    0    0    0    0
    0    0    0    0    0    0    5    0    5    0    0    0    0    0    0    0    0    0    0
    0    0    0    0    0    0    0    5    0    5    0    0    0    0    0    0    0    0    0
    0    0    0    0    0    0    0    0    5    0    5    0    0    0    0    0    0    0    0
    0    0    0    0    0    0    0    0    0    5    0    5    0    0    0    0    0    0    0
    0    0    0    0    0    0    0    0    0    0    5    0    5    0    0    0    0    0    0
    0    0    0    0    0    0    0    0    0    0    0    5    0    5    0    0    0    0    0
    0    0    0    0    0    0    0    0    0    0    0    0    5    0    5    0    0    0    0
    0    0    0    0    0    0    0    0    0    0    0    0    0    5    0    5    0    0    0
    0    0    0    0    0    0    0    0    0    0    0    0    0    0    5    0    5    0    0
    0    0    0    0    0    0    0    0    0    0    0    0    0    0    0    5    0    5    0
    0    0    0    0    0    0    0    0    0    0    0    0    0    0    0    0    5    0    5
    0    0    0    0    0    0    0    0    0    0    0    0    0    0    0    0    0    5    0

m =

   10    5    0    0    0    0    0    0    0    0    0    0    0    0    0    0    0    0    0    0
    5   10    5    0    0    0    0    0    0    0    0    0    0    0    0    0    0    0    0    0
    0    5   10    5    0    0    0    0    0    0    0    0    0    0    0    0    0    0    0    0
    0    0    5    0    5    0    0    0    0    0    0    0    0    0    0    0    0    0    0    0
    0    0    0    5    0    5    0    0    0    0    0    0    0    0    0    0    0    0    0    0
    0    0    0    0    5    0    5    0    0    0    0    0    0    0    0    0    0    0    0    0
    0    0    0    0    0    5    0    5    0    0    0    0    0    0    0    0    0    0    0    0
    0    0    0    0    0    0    5    0    5    0    0    0    0    0    0    0    0    0    0    0
    0    0    0    0    0    0    0    5    0    5    0    0    0    0    0    0    0    0    0    0
    0    0    0    0    0    0    0    0    5    0    5    0    0    0    0    0    0    0    0    0
    0    0    0    0    0    0    0    0    0    5    0    5    0    0    0    0    0    0    0    0
    0    0    0    0    0    0    0    0    0    0    5    0    5    0    0    0    0    0    0    0
    0    0    0    0    0    0    0    0    0    0    0    5    0    5    0    0    0    0    0    0
    0    0    0    0    0    0    0    0    0    0    0    0    5    0    5    0    0    0    0    0
    0    0    0    0    0    0    0    0    0    0    0    0    0    5    0    5    0    0    0    0
    0    0    0    0    0    0    0    0    0    0    0    0    0    0    5    0    5    0    0    0
    0    0    0    0    0    0    0    0    0    0    0    0    0    0    0    5    0    5    0    0
    0    0    0    0    0    0    0    0    0    0    0    0    0    0    0    0    5    0    5    0
    0    0    0    0    0    0    0    0    0    0    0    0    0    0    0    0    0    5    0    5

m =

   10    5    0    0    0    0    0    0    0    0    0    0    0    0    0    0    0    0    0    0
    5   10    5    0    0    0    0    0    0    0    0    0    0    0    0    0    0    0    0    0
    0    5   10    5    0    0    0    0    0    0    0    0    0    0    0    0    0    0    0    0
    0    0    5    0    5    0    0    0    0    0    0    0    0    0    0    0    0    0    0    0
    0    0    0    5    0    5    0    0    0    0    0    0    0    0    0    0    0    0    0    0
    0    0    0    0    5    0    5    0    0    0    0    0    0    0    0    0    0    0    0    0
    0    0    0    0    0    5    0    5    0    0    0    0    0    0    0    0    0    0    0    0
    0    0    0    0    0    0    5    0    5    0    0    0    0    0    0    0    0    0    0    0
    0    0    0    0    0    0    0    5    0    5    0    0    0    0    0    0    0    0    0    0
    0    0    0    0    0    0    0    0    5    0    5    0    0    0    0    0    0    0    0    0
    0    0    0    0    0    0    0    0    0    5    0    5    0    0    0    0    0    0    0    0
    0    0    0    0    0    0    0    0    0    0    5    0    5    0    0    0    0    0    0    0
    0    0    0    0    0    0    0    0    0    0    0    5    0    5    0    0    0    0    0    0
    0    0    0    0    0    0    0    0    0    0    0    0    5    0    5    0    0    0    0    0
    0    0    0    0    0    0    0    0    0    0    0    0    0    5    0    5    0    0    0    0
    0    0    0    0    0    0    0    0    0    0    0    0    0    0    5    0    5    0    0    0
    0    0    0    0    0    0    0    0    0    0    0    0    0    0    0    5    0    5    0    0
    0    0    0    0    0    0    0    0    0    0    0    0    0    0    0    0    5    0    5    0
    0    0    0    0    0    0    0    0    0    0    0    0    0    0    0    0    0    5    0    5
    0    0    0    0    0    0    0    0    0    0    0    0    0    0    0    0    0    0    5    0

matrix =

   10    5    0    0    0    0    0    0    0    0    0    0    0    0    0    0    0    0    0    0
    5   10    5    0    0    0    0    0    0    0    0    0    0    0    0    0    0    0    0    0
    0    5   10    5    0    0    0    0    0    0    0    0    0    0    0    0    0    0    0    0
    0    0    5    0    5    0    0    0    0    0    0    0    0    0    0    0    0    0    0    0
    0    0    0    5    0    5    0    0    0    0    0    0    0    0    0    0    0    0    0    0
    0    0    0    0    5    0    5    0    0    0    0    0    0    0    0    0    0    0    0    0
    0    0    0    0    0    5    0    5    0    0    0    0    0    0    0    0    0    0    0    0
    0    0    0    0    0    0    5    0    5    0    0    0    0    0    0    0    0    0    0    0
    0    0    0    0    0    0    0    5    0    5    0    0    0    0    0    0    0    0    0    0
    0    0    0    0    0    0    0    0    5    0    5    0    0    0    0    0    0    0    0    0
    0    0    0    0    0    0    0    0    0    5    0    5    0    0    0    0    0    0    0    0
    0    0    0    0    0    0    0    0    0    0    5    0    5    0    0    0    0    0    0    0
    0    0    0    0    0    0    0    0    0    0    0    5    0    5    0    0    0    0    0    0
    0    0    0    0    0    0    0    0    0    0    0    0    5    0    5    0    0    0    0    0
    0    0    0    0    0    0    0    0    0    0    0    0    0    5    0    5    0    0    0    0
    0    0    0    0    0    0    0    0    0    0    0    0    0    0    5    0    5    0    0    0
    0    0    0    0    0    0    0    0    0    0    0    0    0    0    0    5    0    5    0    0
    0    0    0    0    0    0    0    0    0    0    0    0    0    0    0    0    5    0    5    0
    0    0    0    0    0    0    0    0    0    0    0    0    0    0    0    0    0    5    0    5
    0    0    0    0    0    0    0    0    0    0    0    0    0    0    0    0    0    0    5    0

ans =

   10    5    0    0    0    0    0    0    0    0    0    0    0    0    0    0    0    0    0    0
    5   10    5    0    0    0    0    0    0    0    0    0    0    0    0    0    0    0    0    0
    0    5   10    5    0    0    0    0    0    0    0    0    0    0    0    0    0    0    0    0
    0    0    5    0    5    0    0    0    0    0    0    0    0    0    0    0    0    0    0    0
    0    0    0    5    0    5    0    0    0    0    0    0    0    0    0    0    0    0    0    0
    0    0    0    0    5    0    5    0    0    0    0    0    0    0    0    0    0    0    0    0
    0    0    0    0    0    5    0    5    0    0    0    0    0    0    0    0    0    0    0    0
    0    0    0    0    0    0    5    0    5    0    0    0    0    0    0    0    0    0    0    0
    0    0    0    0    0    0    0    5    0    5    0    0    0    0    0    0    0    0    0    0
    0    0    0    0    0    0    0    0    5    0    5    0    0    0    0    0    0    0    0    0
    0    0    0    0    0    0    0    0    0    5    0    5    0    0    0    0    0    0    0    0
    0    0    0    0    0    0    0    0    0    0    5    0    5    0    0    0    0    0    0    0
    0    0    0    0    0    0    0    0    0    0    0    5    0    5    0    0    0    0    0    0
    0    0    0    0    0    0    0    0    0    0    0    0    5    0    5    0    0    0    0    0
    0    0    0    0    0    0    0    0    0    0    0    0    0    5    0    5    0    0    0    0
    0    0    0    0    0    0    0    0    0    0    0    0    0    0    5    0    5    0    0    0
    0    0    0    0    0    0    0    0    0    0    0    0    0    0    0    5    0    5    0    0
    0    0    0    0    0    0    0    0    0    0    0    0    0    0    0    0    5    0    5    0
    0    0    0    0    0    0    0    0    0    0    0    0    0    0    0    0    0    5    0    5
    0    0    0    0    0    0    0    0    0    0    0    0    0    0    0    0    0    0    5    0

